0 0.547714 0.442277 0.0405474 0.0361048
0 0.407628 0.205943 0.0386995 0.0379954
0 0.579608 0.541977 0.0415846 0.0360017
0 0.63846 0.207476 0.0400927 0.0377366
0 0.436673 0.381191 0.0397392 0.0353773
0 0.201872 0.382646 0.0398175 0.0371782
0 0.681677 0.494525 0.0421535 0.0355943
0 0.521617 0.593345 0.0393318 0.0338423
0 0.467052 0.557665 0.0404061 0.0340398
0 0.652897 0.153767 0.0400181 0.0421954
0 0.579577 0.0576604 0.0362628 0.0363696
0 0.316036 0.167156 0.0376693 0.0358623
0 0.461413 0.643659 0.041293 0.035978
0 0.639741 0.491625 0.0379254 0.0331178
0 0.71074 0.468702 0.0401709 0.0334387
0 0.692573 0.525531 0.0404514 0.0317509
0 0.15793 0.666841 0.0386457 0.0366684
0 0.36919 0.200731 0.0360912 0.0354443
0 0.217124 0.415258 0.0390319 0.0324742
0 0.160938 0.150339 0.038324 0.0372018
0 0.465463 0.355872 0.0392045 0.0333873
0 0.378974 0.432515 0.0413324 0.0353257
0 0.65078 0.240333 0.0366867 0.0354754
0 0.276778 0.16206 0.0378679 0.0352477
0 0.532114 0.624124 0.0403463 0.0316838
0 0.252783 0.504695 0.0407412 0.0346771
0 0.559645 0.111563 0.0370081 0.0383347
0 0.591365 0.0884207 0.037134 0.0343991
0 0.228906 0.445001 0.0390301 0.0364151
0 0.317155 0.368145 0.0372186 0.0347257
0 0.230575 0.0441057 0.0373397 0.0358867
0 0.0815575 0.369617 0.0383827 0.0356849
0 0.713255 0.101543 0.0376104 0.0384068
0 0.509786 0.0784341 0.0358489 0.0349394
0 0.391135 0.666902 0.039888 0.0343439
0 0.319051 0.483986 0.0422291 0.0346087
0 0.18718 0.441226 0.0368491 0.0336578
0 0.484457 0.501227 0.0408342 0.0296219
0 0.833642 0.482718 0.0392983 0.0337886
0 0.518126 0.107617 0.0365284 0.0368518
0 0.285287 0.192934 0.0353339 0.035523
0 0.676674 0.296605 0.037684 0.0342543
0 0.431855 0.464689 0.0398429 0.0354564
0 0.66336 0.551571 0.0399787 0.0322344
0 0.476342 0.588153 0.0388234 0.0333358
0 0.309037 0.252293 0.0393505 0.0381223
0 0.111556 0.555671 0.0368902 0.0377555
0 0.419322 0.641422 0.039834 0.034108
0 0.879471 0.40487 0.0384414 0.0340014
0 0.571142 0.0283372 0.0368085 0.0348797
0 0.489021 0.415855 0.0371528 0.034371
0 0.707797 0.556505 0.039715 0.0321484
0 0.753542 0.476948 0.0392264 0.0364904
0 0.296217 0.626676 0.0407346 0.0334359
0 0.147152 0.435715 0.0380153 0.0348825
0 0.441608 0.495968 0.042032 0.0336414
0 0.840705 0.150386 0.0359682 0.0355505
0 0.87134 0.207479 0.0373199 0.0355341
0 0.672341 0.381118 0.0413973 0.0349116
0 0.336607 0.429646 0.0403761 0.0323784
0 0.80969 0.42175 0.0392542 0.0335634
0 0.401817 0.289739 0.0388191 0.0353059
0 0.298015 0.424113 0.0397278 0.0333376
0 0.546903 0.655705 0.0394127 0.0352951
0 0.0394806 0.455091 0.036839 0.0344055
0 0.663861 0.464235 0.0405121 0.0320207
0 0.707832 0.185628 0.0386518 0.0355952
0 0.13649 0.0898064 0.0361114 0.0349032
0 0.104645 0.520275 0.0368844 0.0339826
0 0.791552 0.481128 0.0375078 0.0308657
0 0.0578778 0.716857 0.0401659 0.0338724
0 0.492824 0.618867 0.0386784 0.0323969
0 0.452999 0.526609 0.0410637 0.0321455
0 0.751055 0.191073 0.0385189 0.0376552
0 0.176468 0.410144 0.037326 0.0328745
0 0.800804 0.595116 0.034617 0.0330329
0 0.324771 0.196271 0.0369831 0.0352774
0 0.424924 0.148629 0.0379708 0.0387647
0 0.143822 0.319572 0.0381894 0.0364797
0 0.24631 0.189112 0.0390418 0.03591
0 0.55919 0.68694 0.0359689 0.0326048
0 0.0944524 0.400543 0.0368833 0.0348422
0 0.719189 0.213701 0.0370903 0.0367322
0 0.811236 0.627687 0.0397003 0.0354413
0 0.190155 0.0358282 0.0368568 0.0342808
0 0.396009 0.373593 0.0363794 0.0328553
0 0.108317 0.751719 0.0399005 0.037809
0 0.82147 0.4521 0.0393484 0.0338402
0 0.386016 0.5493 0.0414404 0.0327221
0 0.368949 0.604147 0.0397541 0.0332443
0 0.751496 0.38851 0.0383835 0.0333801
0 0.619977 0.2597 0.0391626 0.0350026
0 0.0782815 0.460097 0.0376644 0.0362737
0 0.307941 0.453439 0.0385319 0.0313286
0 0.715224 0.587579 0.0376526 0.0302886
0 0.277354 0.363081 0.039451 0.0350556
0 0.834465 0.114624 0.0371572 0.0360621
0 0.460444 0.441963 0.0390466 0.032925
0 0.0916656 0.173149 0.0381555 0.036388
0 0.949294 0.29862 0.0361358 0.0344655
0 0.0796474 0.142182 0.0354671 0.0358104
0 0.656922 0.638719 0.0403621 0.0351631
0 0.62439 0.459964 0.0371599 0.0335491
0 0.679076 0.211692 0.0373267 0.0352188
0 0.691152 0.243095 0.0361453 0.0339128
0 0.326979 0.6014 0.0397763 0.0293245
0 0.566437 0.510642 0.0391652 0.0314172
0 0.882513 0.237418 0.038193 0.0331675
0 0.672485 0.0965298 0.0357413 0.03407
0 0.829952 0.201259 0.035882 0.034201
0 0.825483 0.367649 0.035607 0.0326025
0 0.402476 0.492252 0.0379118 0.0320603
0 0.857666 0.176816 0.0366892 0.0317507
0 0.203423 0.588653 0.0417401 0.0367995
0 0.523162 0.506189 0.0398326 0.0314905
0 0.47634 0.385989 0.0382902 0.0345492
0 0.62154 0.176755 0.0324792 0.033646
0 0.122825 0.149527 0.0365468 0.0358572
0 0.425802 0.349604 0.0370774 0.0314068
0 0.829747 0.289131 0.0374755 0.0326747
0 0.597079 0.488139 0.0369668 0.028438
0 0.759056 0.590603 0.0387154 0.0333304
0 0.447599 0.613442 0.0383943 0.0294565
0 0.609451 0.515601 0.0405462 0.0324171
0 0.306568 0.657075 0.0407602 0.034524
0 0.355818 0.168668 0.0380181 0.0347063
0 0.472477 0.471816 0.039115 0.0321404
0 0.559093 0.397473 0.0396378 0.0366576
0 0.753445 0.106927 0.0367549 0.0368202
0 0.539136 0.743791 0.0395994 0.0338995
0 0.561687 0.600054 0.0410004 0.0309948
0 0.343251 0.54383 0.0415437 0.0319761
0 0.72985 0.329974 0.0372017 0.0345339
0 0.286893 0.59598 0.0394344 0.0326704
0 0.78195 0.364588 0.0350642 0.0320804
0 0.165661 0.696948 0.0387656 0.0353523
0 0.57244 0.141447 0.0398191 0.0373127
0 0.846341 0.513521 0.0394721 0.0338469
0 0.554733 0.481534 0.0394934 0.0312549
0 0.0704212 0.333695 0.0387085 0.0353543
0 0.7457 0.559149 0.0355353 0.0326187
0 0.548732 0.0820183 0.032705 0.0354262
0 0.687911 0.612494 0.0392388 0.0330448
0 0.359706 0.0846901 0.0350871 0.0357185
0 0.957274 0.582287 0.0385796 0.0341275
0 0.955389 0.496112 0.0404126 0.0345693
0 0.345209 0.342706 0.0375418 0.0349011
0 0.512862 0.475322 0.0390441 0.0330723
0 0.198454 0.155333 0.035618 0.0345088
0 0.902931 0.377625 0.0352201 0.0336104
0 0.257785 0.418795 0.0368233 0.03111
0 0.495732 0.532352 0.0375323 0.03214
0 0.339643 0.227126 0.0347478 0.0356317
0 0.817142 0.538388 0.0378571 0.0328876
0 0.843208 0.232155 0.0363869 0.0354797
0 0.419228 0.434768 0.0375013 0.0339465
0 0.795392 0.680616 0.0392709 0.0358291
0 0.301172 0.134592 0.0370095 0.0365205
0 0.291036 0.103527 0.0382122 0.034068
0 0.256412 0.621868 0.0350579 0.0332432
0 0.377066 0.842183 0.0401791 0.0350307
0 0.591152 0.285963 0.0381336 0.0337765
0 0.2651 0.856689 0.0418029 0.0372284
0 0.267609 0.449803 0.0393926 0.0299044
0 0.298451 0.0222716 0.0373807 0.0355518
0 0.648388 0.0353483 0.0385679 0.0361901
0 0.363231 0.489188 0.0390201 0.0305813
0 0.91977 0.409802 0.0364296 0.0337452
0 0.42283 0.236657 0.0379587 0.0336384
0 0.147732 0.636582 0.0375138 0.0333992
0 0.133036 0.8105 0.0388285 0.0366306
0 0.568247 0.716969 0.0391825 0.0350098
0 0.377619 0.231652 0.0363216 0.0350363
0 0.602926 0.602841 0.0381178 0.031278
0 0.870642 0.570803 0.0386234 0.0344417
0 0.400429 0.69713 0.0376095 0.0323985
0 0.470786 0.0741811 0.0349883 0.0343802
0 0.676357 0.581667 0.037734 0.0319534
0 0.271627 0.769007 0.039993 0.0359865
0 0.601453 0.118424 0.0375739 0.0359359
0 0.172251 0.181258 0.0350156 0.0347424
0 0.903604 0.461512 0.0373351 0.0345852
0 0.464709 0.24175 0.0371806 0.0348733
0 0.149768 0.752361 0.0403422 0.0368005
0 0.350984 0.256831 0.0373884 0.0329828
0 0.966183 0.613409 0.0381062 0.0314705
0 0.751624 0.676961 0.0414554 0.035971
0 0.852583 0.429489 0.038301 0.0335913
0 0.0630158 0.515593 0.0391704 0.0364847
0 0.0391613 0.140055 0.0392534 0.0367446
0 0.28056 0.6842 0.0390698 0.0334449
0 0.186041 0.64326 0.0396288 0.0322369
0 0.334387 0.0268996 0.0334353 0.0318359
0 0.838546 0.398406 0.037096 0.0325398
0 0.135459 0.181558 0.0347673 0.0367985
0 0.208385 0.705405 0.0380197 0.0354792
0 0.554294 0.280565 0.0371455 0.0357344
0 0.399197 0.088308 0.0348834 0.0325102
0 0.663778 0.26734 0.0372677 0.0338251
0 0.193269 0.75917 0.0416038 0.036115
0 0.883848 0.603416 0.035945 0.031692
0 0.914022 0.288874 0.0363869 0.0338025
0 0.527298 0.308308 0.0361265 0.0345849
0 0.157389 0.465991 0.0408186 0.0345646
0 0.35408 0.372312 0.0369526 0.032306
0 0.865251 0.458073 0.0360404 0.0312286
0 0.135436 0.493087 0.0362852 0.0327801
0 0.018527 0.0757979 0.0327104 0.0361667
0 0.448454 0.323013 0.0394673 0.0325851
0 0.0736908 0.545882 0.0347701 0.0322903
0 0.970314 0.358153 0.0366936 0.0345675
0 0.175412 0.612619 0.0411248 0.0334003
0 0.680144 0.127012 0.0322834 0.0331653
0 0.614265 0.146021 0.0327209 0.0345586
0 0.598011 0.691476 0.0379959 0.0315792
0 0.789081 0.19675 0.0347832 0.0320892
0 0.242188 0.387541 0.0350091 0.0333866
0 0.684096 0.414408 0.0356907 0.0349975
0 0.0904565 0.489012 0.0391119 0.0366402
0 0.37031 0.514976 0.0389859 0.0287729
0 0.374157 0.114895 0.0357307 0.0366287
0 0.0427046 0.573119 0.0399905 0.0345703
0 0.306751 0.862262 0.0362863 0.0375054
0 0.179368 0.727048 0.0394864 0.0347286
0 0.162022 0.0630907 0.0349494 0.0313926
0 0.95616 0.413614 0.0371666 0.0311963
0 0.727886 0.616265 0.0332866 0.0325962
0 0.596639 0.204701 0.0376669 0.0345861
0 0.585342 0.458371 0.0397808 0.0304051
0 0.27756 0.479815 0.0408854 0.0300243
0 0.508442 0.562223 0.0372718 0.0307451
0 0.775981 0.533896 0.0387637 0.0318564
0 0.027314 0.1073 0.0388401 0.0346103
0 0.961698 0.329187 0.0327113 0.0339473
0 0.31397 0.571347 0.0396511 0.0324515
0 0.838064 0.229269 0.0344914 0.0369514
0 0.811438 0.336368 0.0377701 0.0342398
0 0.851257 0.175743 0.0341456 0.0297021
0 0.814455 0.172043 0.0327162 0.0345796
0 0.802069 0.227828 0.0415953 0.0353523
0 0.713388 0.387971 0.0382769 0.0323338
0 0.412343 0.31849 0.0352262 0.0309289
0 0.396112 0.225931 0.0255594 0.0312567
0 0.945845 0.383999 0.0362839 0.0336088
0 0.143958 0.150047 0.0148667 0.0344974
0 0.106825 0.115444 0.035453 0.0336576
0 0.367692 0.401321 0.0365507 0.0269324
0 0.271952 0.565801 0.0349311 0.0327373
0 0.68886 0.325537 0.0343698 0.0297086
0 0.83086 0.567014 0.0357909 0.033639
0 0.431022 0.670929 0.0396929 0.0352031
0 0.20039 0.0677524 0.0329853 0.0333474
0 0.452014 0.412186 0.0374913 0.0280375
0 0.537478 0.0513023 0.0342883 0.0327502
0 0.352803 0.661477 0.0388178 0.0328445
0 0.406092 0.403191 0.0395166 0.0310539
0 0.485514 0.612623 0.0369317 0.0256213
0 0.398522 0.58169 0.0387453 0.031177
0 0.911154 0.492178 0.033208 0.0326469
0 0.373752 0.518109 0.0393947 0.030734
0 0.632477 0.290724 0.0364175 0.0332367
0 0.131942 0.177415 0.0332142 0.0319272
0 0.292609 0.511639 0.0375342 0.0282829
0 0.720956 0.497521 0.0379332 0.0315565
0 0.339474 0.837368 0.042548 0.0382129
0 0.94389 0.266449 0.0348241 0.0335268
0 0.0214413 0.942746 0.0363337 0.0381356
0 0.115552 0.664388 0.0394318 0.0335832
0 0.516554 0.682466 0.0406939 0.0360535
0 0.412745 0.52261 0.0380963 0.0292894
0 0.423998 0.553019 0.0353956 0.0301183
0 0.468418 0.764503 0.0386999 0.0308352
0 0.424591 0.643351 0.0397019 0.036298
0 0.646623 0.321455 0.0395989 0.0340391
0 0.794592 0.109784 0.0345778 0.0345887
0 0.874408 0.489255 0.0344858 0.0334038
0 0.225088 0.649723 0.038921 0.0307964
0 0.599436 0.402856 0.0384647 0.0320181
0 0.0825208 0.579974 0.0343962 0.0360421
0 0.360501 0.691738 0.0352715 0.0329363
0 0.585317 0.173809 0.0352574 0.0306264
0 0.790168 0.562085 0.0362306 0.0298286
0 0.28015 0.0750417 0.0344703 0.0318228
0 0.867118 0.371705 0.0336077 0.0319984
0 0.263512 0.537609 0.0367505 0.0318259
0 0.0500799 0.486627 0.0365191 0.0328277
0 0.180804 0.527319 0.0373902 0.0333482
0 0.52867 0.13775 0.0334751 0.0336867
0 0.39247 0.060185 0.0360832 0.0351199
0 0.773496 0.621906 0.0376356 0.030392
0 0.611731 0.72036 0.0393647 0.0350251
0 0.051997 0.801498 0.0348557 0.0368976
0 0.437533 0.58473 0.0377816 0.0321082
0 0.19976 0.470061 0.0355833 0.0336756
0 0.640241 0.695842 0.0393893 0.0347027
0 0.53264 0.828505 0.0384842 0.0348824
0 0.231574 0.765372 0.0381541 0.0325422
0 0.427468 0.759844 0.0413854 0.0346369
0 0.357 0.901076 0.0397624 0.0362206
0 0.70697 0.273291 0.0348886 0.0316759
