0 0.53733 0.670326 0.184428 0.248079
0 0.3845 0.208475 0.218374 0.283159
0 0.889405 0.469743 0.217415 0.274938
0 0.0824985 0.648342 0.152072 0.252875
0 0.442926 0.471539 0.172761 0.189815
0 0.345791 0.830705 0.215484 0.263987
0 0.652056 0.437657 0.193973 0.237153
0 0.646443 0.896687 0.197606 0.206627
0 0.185886 0.358262 0.216297 0.275958
0 0.694908 0.215011 0.194651 0.249568
0 0.751379 0.671119 0.19858 0.255656
0 0.271225 0.59535 0.19152 0.203522
0 0.0758587 0.0616063 0.137655 0.123213
0 0.382892 0.185848 0.187238 0.220818
0 0.838154 0.925466 0.159507 0.149067
0 0.935958 0.761844 0.128084 0.20884
0 0.174374 0.799172 0.110338 0.154779
0 0.195354 0.29969 0.164841 0.145125
0 0.542722 0.619129 0.166063 0.146676
0 0.125527 0.935428 0.155445 0.129144
0 0.0546884 0.450765 0.106726 0.142959
0 0.865577 0.148777 0.203021 0.263451
0 0.352525 0.779071 0.179759 0.158857
0 0.391672 0.152412 0.169671 0.158747
0 0.279308 0.568542 0.157574 0.156241
