0 0.571275 0.714544 0.0372161 0.0362196
0 0.108602 0.750104 0.0380985 0.0407774
0 0.906223 0.661583 0.0392435 0.0374634
0 0.795979 0.679424 0.0397807 0.0352656
0 0.149639 0.752818 0.0386982 0.0400997
0 0.672076 0.379818 0.0410503 0.0401319
0 0.357921 0.898119 0.0362646 0.0362579
0 0.180427 0.930516 0.0371973 0.0358204
0 0.301063 0.133619 0.0389376 0.0397273
0 0.344272 0.865518 0.0377547 0.0342158
0 0.379643 0.431707 0.036541 0.0380729
0 0.707631 0.184028 0.0365959 0.0372202
0 0.58114 0.540951 0.040011 0.0425039
0 0.165582 0.696134 0.036001 0.0379629
0 0.888838 0.778911 0.0363003 0.0391689
0 0.280477 0.681767 0.0369943 0.0358809
0 0.52747 0.304616 0.0413987 0.0410614
0 0.338459 0.835587 0.0389264 0.035671
0 0.880043 0.402953 0.0350606 0.0370609
0 0.667606 0.464014 0.0351458 0.0349291
0 0.660406 0.829722 0.0377717 0.0387081
0 0.549226 0.439524 0.0346555 0.0394989
0 0.223411 0.73412 0.0359514 0.037379
0 0.711684 0.0995225 0.0372895 0.040112
0 0.203877 0.381683 0.0379633 0.0404174
0 0.0825734 0.367667 0.0373678 0.0384916
0 0.654528 0.153656 0.0422291 0.0418884
0 0.846401 0.232617 0.0376629 0.0356228
0 0.299472 0.830907 0.0324015 0.0337107
0 0.411121 0.815016 0.0380366 0.0382006
0 0.131122 0.80937 0.0390393 0.0314406
0 0.376683 0.839652 0.0362917 0.0384285
0 0.8382 0.689472 0.0376325 0.0342884
0 0.374796 0.114526 0.035546 0.0364338
0 0.692464 0.731032 0.0354623 0.0358311
0 0.832468 0.480249 0.0351343 0.030776
0 0.0711711 0.333365 0.0358083 0.0383432
0 0.751481 0.67764 0.0371927 0.0324659
0 0.158661 0.666986 0.0371712 0.0358656
0 0.164084 0.150291 0.0373175 0.0369765
0 0.844895 0.596445 0.0340166 0.0333167
0 0.620296 0.258171 0.0382514 0.0393287
0 0.417555 0.727188 0.0345547 0.0361213
0 0.442478 0.907976 0.0379725 0.0338918
0 0.219651 0.934829 0.0366549 0.0350321
0 0.583812 0.743326 0.0349639 0.0346672
0 0.513087 0.885812 0.0363113 0.0383758
0 0.180489 0.727609 0.0350711 0.0360985
0 0.202241 0.586083 0.0347638 0.03681
0 0.822598 0.452119 0.0360681 0.0366295
0 0.515167 0.681 0.0348325 0.0357625
0 0.275674 0.160193 0.0392827 0.0371026
0 0.711289 0.467449 0.0389434 0.034318
0 0.54202 0.742036 0.0363599 0.0353208
0 0.485337 0.910039 0.0376019 0.03408
0 0.682774 0.494777 0.0373834 0.0365505
0 0.298863 0.626328 0.0353036 0.0375448
0 0.455558 0.526094 0.0363093 0.0371261
0 0.373694 0.518173 0.0343718 0.0353855
0 0.232264 0.765056 0.0326506 0.0333394
0 0.826554 0.365163 0.0354747 0.0351181
0 0.592075 0.779008 0.0319183 0.0336552
0 0.304286 0.861382 0.0362529 0.0342743
0 0.589092 0.285812 0.0374099 0.0344912
0 0.534823 0.827608 0.0380356 0.0369722
0 0.26564 0.855032 0.040009 0.0378456
0 0.808359 0.421578 0.0360366 0.0340663
0 0.384136 0.752753 0.0393574 0.038828
0 0.144734 0.316785 0.0362152 0.0411069
0 0.31765 0.164502 0.0358678 0.0355635
0 0.599554 0.401627 0.036681 0.0370625
0 0.40021 0.902569 0.0350437 0.0349897
0 0.670635 0.667445 0.0347426 0.0330846
0 0.903908 0.462979 0.0352648 0.0344697
0 0.549857 0.658251 0.0348453 0.036833
0 0.269411 0.769578 0.0333004 0.0357971
0 0.671214 0.0957105 0.0329421 0.0364848
0 0.712413 0.388119 0.0338499 0.035372
0 0.26062 0.13097 0.0356748 0.0356807
0 0.846038 0.511255 0.0342017 0.0346003
0 0.0404001 0.455342 0.036978 0.0376733
0 0.561143 0.394978 0.0354421 0.0366211
0 0.589434 0.088106 0.0340269 0.0333152
0 0.851268 0.86707 0.0356574 0.0381925
0 0.518559 0.106947 0.0372362 0.0359708
0 0.967642 0.61116 0.0370958 0.0364661
0 0.557746 0.684376 0.0315654 0.02786
0 0.959817 0.580997 0.0360109 0.0366899
0 0.3214 0.481977 0.0340421 0.03451
0 0.765284 0.252946 0.0360802 0.0362184
0 0.173124 0.811072 0.0360583 0.0301211
0 0.407962 0.203784 0.03683 0.0385181
0 0.276504 0.362398 0.0359945 0.0380521
0 0.681047 0.698264 0.030953 0.0337512
0 0.379541 0.228889 0.0345805 0.036308
0 0.815856 0.169934 0.0356078 0.0392694
0 0.112801 0.955698 0.0400602 0.0372875
0 0.626473 0.461611 0.0364517 0.0404612
0 0.513655 0.475988 0.0325804 0.0308706
0 0.611308 0.851238 0.033616 0.0362889
0 0.79343 0.110978 0.0372463 0.0330586
0 0.332447 0.51366 0.0381964 0.0324193
0 0.653201 0.237668 0.0357989 0.0354494
0 0.611184 0.430479 0.0323123 0.0320848
0 0.317842 0.687489 0.0333207 0.0327632
0 0.52182 0.592397 0.0324578 0.0378883
0 0.0469935 0.88455 0.0377485 0.0354446
0 0.635938 0.49203 0.0310501 0.0339626
0 0.186679 0.299326 0.035944 0.0417297
0 0.750577 0.105822 0.0354976 0.0353506
0 0.600982 0.117417 0.0324224 0.0359509
0 0.457341 0.733001 0.0349251 0.0345424
