0 0.475322 0.3864 0.0396905 0.0323505
0 0.488647 0.415069 0.0402399 0.0331921
0 0.58048 0.542272 0.0451147 0.038513
0 0.408756 0.205469 0.043982 0.0405656
0 0.548184 0.442263 0.0442811 0.0376795
0 0.650939 0.239162 0.0384728 0.0345895
0 0.309552 0.252909 0.0451084 0.0375479
0 0.436643 0.380348 0.044331 0.0387493
0 0.653816 0.153341 0.0466131 0.0459203
0 0.754393 0.477736 0.043041 0.0362534
0 0.591063 0.0879403 0.0384824 0.0325651
0 0.681498 0.493253 0.0481989 0.0396918
0 0.252572 0.504076 0.0452938 0.036317
0 0.161095 0.14963 0.0420765 0.0353957
0 0.315017 0.166425 0.0417252 0.0349879
0 0.109069 0.751691 0.044882 0.0375414
0 0.639187 0.207871 0.0444411 0.0388925
0 0.431089 0.464792 0.0426523 0.0348337
0 0.284424 0.191996 0.039365 0.0356142
0 0.559563 0.111424 0.0408652 0.0348361
0 0.149737 0.752706 0.0444478 0.0352091
0 0.691314 0.241006 0.0391802 0.0347346
0 0.591031 0.286061 0.0408607 0.033251
0 0.718068 0.213711 0.03873 0.0340035
0 0.296427 0.627005 0.0435138 0.0331253
0 0.713532 0.101586 0.0412635 0.038387
0 0.158839 0.667273 0.0441678 0.0378648
0 0.750615 0.191267 0.0430578 0.0383217
0 0.570637 0.0284427 0.041839 0.0350613
0 0.572347 0.141282 0.0427785 0.0383057
0 0.245689 0.188552 0.0407488 0.0350022
0 0.276743 0.163147 0.0412516 0.0323489
0 0.356761 0.9013 0.0400164 0.0347042
0 0.202469 0.38254 0.044188 0.0393301
0 0.301628 0.134585 0.0417713 0.0350531
0 0.336477 0.837511 0.0432452 0.0352974
0 0.69225 0.525662 0.0420346 0.0308966
0 0.265973 0.855945 0.043383 0.0398987
0 0.882936 0.237029 0.0407108 0.0322156
0 0.136697 0.0895489 0.0392326 0.0331222
0 0.0915705 0.489181 0.0431181 0.0342534
0 0.401483 0.69798 0.0392872 0.0324223
0 0.795153 0.680007 0.0452922 0.037786
0 0.558966 0.396889 0.0441455 0.0410589
0 0.466866 0.355205 0.043704 0.0361899
0 0.0370846 0.140369 0.0462507 0.0345346
0 0.811 0.628008 0.0425079 0.0340843
0 0.369941 0.200213 0.0401987 0.0346242
0 0.203615 0.588525 0.0453312 0.0378159
0 0.37185 0.114873 0.0383798 0.0359752
0 0.0495262 0.487334 0.0404519 0.0324688
0 0.638124 0.490394 0.0425483 0.0323183
0 0.6838 0.414409 0.0378933 0.0348782
0 0.0791588 0.141774 0.0387558 0.0355118
0 0.231368 0.0428343 0.0435467 0.0390362
0 0.532002 0.625048 0.0412404 0.031489
0 0.532385 0.82851 0.0428673 0.0359104
0 0.658427 0.637996 0.0424979 0.035166
0 0.0630817 0.515768 0.0433807 0.0369703
0 0.880472 0.404408 0.0431798 0.0359863
0 0.0779041 0.459606 0.0406995 0.0353897
0 0.111885 0.554538 0.0392146 0.0375337
0 0.385441 0.22614 0.0465648 0.0375945
0 0.187724 0.440617 0.0416922 0.0339633
0 0.754471 0.105795 0.0423735 0.0397965
0 0.621541 0.549001 0.0411456 0.034364
0 0.673583 0.0976724 0.0407397 0.0347512
0 0.165442 0.69804 0.0409351 0.0329178
0 0.0944523 0.399969 0.040713 0.0336401
0 0.360786 0.0846902 0.0407868 0.0364848
0 0.298413 0.0214277 0.039229 0.0384484
0 0.170312 0.181868 0.0399407 0.0363491
0 0.950785 0.29947 0.0412013 0.0348465
0 0.291098 0.102746 0.0440445 0.0359826
0 0.599649 0.118045 0.0397681 0.0379872
0 0.679632 0.210674 0.0402442 0.0335111
0 0.376468 0.231316 0.040445 0.0373178
0 0.453923 0.527053 0.0440206 0.0330024
0 0.304162 0.862522 0.0411293 0.0343529
0 0.368677 0.60344 0.0435258 0.0355337
0 0.0715832 0.33401 0.0437884 0.0385946
0 0.730321 0.330081 0.0429129 0.0370365
0 0.579236 0.0582299 0.0397921 0.0354837
0 0.218048 0.415475 0.0446738 0.0331639
0 0.320218 0.484793 0.045353 0.0362774
0 0.608925 0.515036 0.0438772 0.0332823
0 0.424701 0.147994 0.0419473 0.0381921
0 0.822565 0.452433 0.0437738 0.0337049
0 0.486251 0.501861 0.0427229 0.0307886
0 0.554885 0.281476 0.0423304 0.0388738
0 0.47683 0.589445 0.0418602 0.0337452
0 0.443329 0.495811 0.0437194 0.0352724
0 0.43114 0.671492 0.0423897 0.0332317
0 0.144278 0.319641 0.0430207 0.0382506
0 0.461178 0.441336 0.0417999 0.0346946
0 0.676725 0.29679 0.0403198 0.0353965
0 0.706631 0.555605 0.0430273 0.037073
0 0.846114 0.514333 0.0430651 0.0325263
0 0.843375 0.231541 0.0429953 0.0361433
0 0.619731 0.259564 0.0412222 0.0357707
0 0.796135 0.110228 0.0388154 0.0359002
0 0.337645 0.225577 0.0411559 0.0335656
0 0.756203 0.589703 0.0400609 0.032845
0 0.710449 0.468921 0.0450289 0.0364807
0 0.663293 0.55158 0.0414428 0.0325889
0 0.368306 0.00978353 0.047186 0.0195671
0 0.379985 0.431646 0.0445246 0.0370722
0 0.277991 0.88736 0.0427768 0.0351391
0 0.391661 0.667036 0.0457194 0.0358405
0 0.283949 0.800935 0.0418017 0.0318455
0 0.277961 0.363219 0.0425617 0.0354104
0 0.514553 0.475784 0.0426688 0.0325327
0 0.519268 0.108 0.0390003 0.0367181
0 0.229552 0.445257 0.0438408 0.0355332
0 0.957901 0.326621 0.0406263 0.0332908
0 0.751106 0.677259 0.0449316 0.0342176
0 0.178535 0.72711 0.0427896 0.0328321
0 0.0391324 0.455222 0.0451171 0.0361841
0 0.420557 0.642266 0.0435185 0.0364834
0 0.460366 0.642372 0.0435034 0.0382994
0 0.107846 0.114634 0.0393843 0.0322017
0 0.385744 0.549949 0.0435711 0.0331747
0 0.839978 0.227032 0.0422588 0.0403757
0 0.680737 0.125678 0.0380016 0.0331021
0 0.133017 0.811601 0.0415784 0.0354511
0 0.707771 0.185687 0.0404752 0.0326721
0 0.80278 0.226585 0.0445167 0.036793
0 0.672788 0.38052 0.0445454 0.0369461
0 0.191099 0.0354557 0.0416436 0.034465
0 0.436426 0.47636 0.0441774 0.0473768
0 0.176691 0.410039 0.0420458 0.0348464
0 0.426295 0.348538 0.040047 0.03295
0 0.37763 0.842095 0.0426451 0.0358394
0 0.453703 0.411612 0.0440807 0.0286791
0 0.0537981 0.801898 0.0386366 0.03695
0 0.679091 0.0121903 0.0410951 0.0241578
0 0.270654 0.767968 0.0434226 0.0362179
0 0.519999 0.592661 0.0432002 0.0373957
0 0.276791 0.477091 0.0410509 0.031515
0 0.840689 0.14967 0.0382588 0.0361845
0 0.0915923 0.17363 0.0408469 0.0353212
0 0.516337 0.682588 0.0445321 0.039777
0 0.197902 0.154018 0.0403069 0.0353624
0 0.297578 0.424264 0.0419363 0.0322231
0 0.335292 0.0259106 0.0398227 0.0333334
0 0.824305 0.366315 0.0406857 0.0349619
0 0.174875 0.613998 0.0444679 0.033506
0 0.817784 0.539337 0.0429802 0.0326901
0 0.427769 0.760008 0.0429775 0.0357912
0 0.345595 0.869129 0.0440777 0.0356545
0 0.132524 0.176126 0.0384674 0.0302459
0 0.82894 0.289734 0.0412648 0.0326664
0 0.852423 0.428586 0.0412996 0.0323078
0 0.0567305 0.716579 0.0417336 0.0362832
0 0.468155 0.558701 0.0430109 0.0360415
0 0.834441 0.112964 0.0397566 0.0388222
0 0.193126 0.758927 0.045668 0.0363444
0 0.366131 0.810414 0.0434192 0.0353766
0 0.401632 0.289989 0.0423572 0.0342018
0 0.122864 0.149084 0.0402717 0.0342151
0 0.624597 0.462047 0.0413726 0.0324621
0 0.343207 0.863385 0.0451532 0.0341656
0 0.581461 0.746629 0.0426773 0.0334122
0 0.0821585 0.580706 0.0388523 0.0399349
0 0.223184 0.73609 0.0389315 0.032193
