0 0.579519 0.542049 0.0395876 0.0465056
0 0.650365 0.238816 0.0369074 0.0408328
0 0.407837 0.204974 0.0387345 0.0452707
0 0.680841 0.493476 0.0372614 0.0428149
0 0.430914 0.670914 0.036191 0.0398687
0 0.316343 0.165682 0.0381082 0.0428578
0 0.547859 0.440634 0.0380455 0.0444855
0 0.652302 0.153239 0.0418513 0.0490149
0 0.336881 0.836576 0.0380492 0.0414509
0 0.150378 0.751719 0.0387692 0.0421764
0 0.637532 0.206086 0.0394368 0.0453768
0 0.461311 0.642703 0.0370014 0.0435512
0 0.870624 0.204963 0.0356101 0.0410502
0 0.203019 0.381361 0.0385751 0.0445683
0 0.476984 0.385301 0.034895 0.0409213
0 0.230655 0.0421805 0.0377148 0.0421308
0 0.107837 0.750442 0.0394514 0.0433367
0 0.639931 0.490457 0.0343755 0.0402472
0 0.356625 0.9001 0.0381986 0.0424311
0 0.159402 0.666091 0.0388455 0.0427371
0 0.693395 0.524199 0.0366004 0.0393835
0 0.84265 0.230751 0.0357074 0.0396714
0 0.794878 0.67992 0.0373941 0.0449444
0 0.37783 0.841506 0.039722 0.0412748
0 0.161861 0.149546 0.0370719 0.0401129
0 0.266857 0.855609 0.0389167 0.0448585
0 0.430405 0.464112 0.0379567 0.0402818
0 0.436783 0.379885 0.0399966 0.0419987
0 0.301571 0.133336 0.0364882 0.0417909
0 0.229399 0.44378 0.0378144 0.0413595
0 0.518436 0.106585 0.0359439 0.0412711
0 0.110266 0.553175 0.0363553 0.0425974
0 0.284969 0.799607 0.0363975 0.0403949
0 0.309591 0.252093 0.038302 0.0436846
0 0.75338 0.477071 0.0379794 0.0429925
0 0.165449 0.697264 0.0351159 0.0397194
0 0.691067 0.240715 0.0353217 0.0392313
0 0.400838 0.289753 0.037949 0.0401462
0 0.573057 0.0263855 0.0348076 0.0394144
0 0.711227 0.467723 0.0360798 0.0406224
0 0.303322 0.861324 0.0362958 0.0402596
0 0.347397 0.866943 0.0385239 0.0384529
0 0.620026 0.259923 0.0384283 0.0417233
0 0.665073 0.463257 0.0348885 0.0383636
0 0.559357 0.111529 0.0369196 0.0405782
0 0.179344 0.726705 0.0381957 0.040206
0 0.0373859 0.140214 0.038778 0.042374
0 0.591567 0.0873365 0.0344799 0.0380205
0 0.392323 0.665207 0.0363561 0.0401573
0 0.713923 0.101076 0.0381026 0.0424351
0 0.553601 0.280488 0.0373868 0.0410274
0 0.811058 0.626959 0.03695 0.0408056
0 0.516486 0.680951 0.0377351 0.0438697
0 0.0794109 0.459398 0.0339745 0.0405467
0 0.284793 0.192001 0.0346715 0.0400967
0 0.071449 0.332486 0.0383121 0.0411869
0 0.296579 0.626297 0.0358589 0.0395318
0 0.48705 0.415024 0.0351512 0.0372332
0 0.718921 0.213457 0.0356928 0.0396196
0 0.204998 0.587887 0.0402208 0.0435698
0 0.252767 0.503393 0.0386763 0.0414519
0 0.830868 0.200854 0.0345629 0.0379489
0 0.657329 0.638631 0.0379188 0.0400498
0 0.751276 0.19015 0.038613 0.0434938
0 0.136697 0.0889868 0.0355521 0.0384073
0 0.538206 0.742137 0.0384418 0.0400162
0 0.658232 0.828796 0.0417102 0.0454827
0 0.36457 0.487631 0.0365548 0.0373264
0 0.292953 0.102057 0.0385695 0.0401357
0 0.521585 0.59199 0.0343628 0.0424511
0 0.672006 0.379774 0.0382994 0.0428325
0 0.834707 0.481768 0.0389283 0.0397518
0 0.566512 0.716991 0.036723 0.0375526
0 0.123572 0.14879 0.0350714 0.0394428
0 0.277022 0.886741 0.0394107 0.0409436
0 0.193362 0.758977 0.0388301 0.0416108
0 0.144519 0.318081 0.0372023 0.0442402
0 0.172338 0.181471 0.035652 0.0387906
0 0.336662 0.225412 0.0345959 0.0395317
0 0.342993 0.54201 0.0364702 0.0396621
0 0.61042 0.514486 0.035406 0.0375858
0 0.0901992 0.48857 0.0351935 0.0388479
0 0.879967 0.403782 0.0371596 0.0404454
0 0.581241 0.745224 0.0354143 0.0371262
0 0.282677 0.68289 0.0352464 0.0397867
0 0.680864 0.210634 0.0337583 0.0371875
0 0.361172 0.0841254 0.035986 0.040519
0 0.84499 0.514319 0.036913 0.0388185
0 0.705433 0.554887 0.0354584 0.0397799
0 0.378528 0.430557 0.0371717 0.0405109
0 0.730339 0.328586 0.0369384 0.0394205
0 0.75157 0.676868 0.0371926 0.0403252
0 0.271425 0.767605 0.035451 0.0409363
0 0.0546957 0.800543 0.0356511 0.0399258
0 0.485008 0.500917 0.0339308 0.0364756
0 0.532967 0.623566 0.0332278 0.0389822
0 0.579638 0.0571883 0.0361257 0.0401071
0 0.709554 0.184044 0.0361348 0.0389193
0 0.3712 0.198267 0.0341709 0.0393285
0 0.114414 0.0248461 0.0368795 0.0396747
0 0.0569818 0.717025 0.0376394 0.0393434
0 0.791344 0.479605 0.0334326 0.0353006
0 0.160889 0.691945 0.0385804 0.0408667
0 0.442238 0.496461 0.0360941 0.0402607
0 0.0628164 0.514542 0.0390244 0.0400694
0 0.0950712 0.39927 0.0353454 0.0409586
0 0.377448 0.229819 0.0355187 0.0408288
0 0.318173 0.366678 0.0366309 0.04118
0 0.11116 0.955688 0.037581 0.0436998
0 0.882747 0.236354 0.0355258 0.039754
0 0.299007 0.0210661 0.0337029 0.0390717
0 0.386145 0.547914 0.0360969 0.0393556
0 0.148641 0.63597 0.0365849 0.0390977
0 0.108313 0.114596 0.0335245 0.0367757
0 0.420404 0.64028 0.0340504 0.0392845
0 0.559109 0.396155 0.0350372 0.0446542
0 0.754461 0.106209 0.0361276 0.0441546
0 0.839523 0.687861 0.0376595 0.0428091
0 0.757114 0.589085 0.0362275 0.0395455
0 0.325155 0.196592 0.0346687 0.0382179
0 0.200748 0.0658143 0.0339747 0.036513
0 0.277799 0.160852 0.0340099 0.0371885
0 0.5978 0.690484 0.0367763 0.0379496
0 0.420216 0.434542 0.0344301 0.0392752
0 0.476547 0.183369 0.0354344 0.0413521
0 0.452862 0.526679 0.0356166 0.0396423
0 0.0788671 0.141213 0.0343345 0.0385743
0 0.426873 0.147238 0.0379231 0.0405538
0 0.289896 0.71455 0.0350648 0.0366681
0 0.571298 0.141015 0.0370701 0.0394633
0 0.368478 0.602737 0.0363242 0.0391377
0 0.599627 0.115628 0.0341305 0.0370807
0 0.817723 0.540092 0.0347343 0.0359849
0 0.679007 0.295953 0.0334946 0.0401588
0 0.714901 0.387227 0.034739 0.0366359
0 0.466102 0.352513 0.0353682 0.0358999
0 0.321176 0.483606 0.0408092 0.042132
0 0.408592 0.815593 0.0408475 0.0428621
0 0.360915 0.690278 0.0332107 0.038081
0 0.401241 0.6971 0.0311926 0.0383245
0 0.326704 0.600871 0.0343739 0.0358904
0 0.357252 0.167236 0.0362913 0.0414484
0 0.214948 0.415037 0.0360709 0.036663
0 0.427682 0.759758 0.0377126 0.0399995
0 0.884482 0.602553 0.0342886 0.0384928
0 0.814067 0.335053 0.0338323 0.0393826
0 0.232406 0.239827 0.0369158 0.0398436
0 0.3711 0.114546 0.0342975 0.0385245
0 0.156327 0.465334 0.0366456 0.0367939
0 0.134722 0.810088 0.0362452 0.0394224
0 0.515758 0.474359 0.0323864 0.0390959
0 0.117978 0.228442 0.0344978 0.0381337
0 0.492343 0.616994 0.0335109 0.038092
0 0.151364 0.953804 0.0356721 0.0379387
0 0.0817819 0.368061 0.035617 0.0418753
0 0.233261 0.763656 0.0370073 0.0372108
0 0.0398078 0.453279 0.0356447 0.0392015
0 0.0669357 0.630423 0.0386923 0.0440752
0 0.42118 0.236083 0.0363961 0.037986
0 0.591471 0.28582 0.0334297 0.0378611
0 0.0268444 0.106051 0.0371146 0.0404343
0 0.821468 0.451502 0.0339244 0.0383659
0 0.510708 0.0762654 0.0348725 0.0356446
0 0.297088 0.127492 0.0376214 0.0336851
0 0.822864 0.365229 0.033584 0.0366502
0 0.397456 0.578825 0.0328525 0.0351458
0 0.905753 0.663133 0.0380184 0.0397324
0 0.543057 0.248763 0.0336154 0.0359189
0 0.191609 0.0346253 0.03463 0.0387022
0 0.468191 0.557745 0.0391633 0.0414853
0 0.151146 0.5517 0.033906 0.0368116
0 0.0919604 0.172834 0.0338075 0.0388019
0 0.462912 0.440758 0.0337266 0.0384209
0 0.425623 0.653528 0.0364881 0.046213
0 0.442811 0.906469 0.0411284 0.043195
0 0.686052 0.611699 0.0306509 0.0392753
0 0.401227 0.0879557 0.0315273 0.0362908
0 0.369923 0.515603 0.0356974 0.0348183
0 0.197741 0.153932 0.034499 0.0374374
0 0.253958 0.824574 0.0350554 0.0383108
0 0.385075 0.753669 0.0366424 0.0403996
0 0.320693 0.0792283 0.0339328 0.0375981
0 0.187816 0.439118 0.0348657 0.0368923
0 0.449782 0.612283 0.0310712 0.0352263
0 0.318945 0.194758 0.0379337 0.0414857
0 0.682445 0.413996 0.0341211 0.0398765
0 0.208642 0.704232 0.0357282 0.038078
0 0.277594 0.479301 0.0338713 0.0374078
0 0.278587 0.362305 0.0349705 0.0387532
0 0.385132 0.226965 0.0256665 0.0373784
0 0.298198 0.859771 0.0277528 0.0400967
0 0.245711 0.186864 0.036006 0.0394832
0 0.800464 0.226606 0.0386668 0.0381498
0 0.597866 0.486459 0.0312078 0.0354374
0 0.294092 0.828255 0.032236 0.0336379
0 0.372352 0.212588 0.0318697 0.0426269
0 0.785552 0.362998 0.0322365 0.0363
0 0.358198 0.862863 0.0281284 0.0354198
0 0.0823085 0.578335 0.0338692 0.0401435
0 0.622206 0.750871 0.0348935 0.0407947
0 0.548847 0.655101 0.0313204 0.035527
0 0.424933 0.349489 0.0334793 0.0354543
0 0.853191 0.42808 0.0341465 0.0374712
0 0.69474 0.477949 0.0162244 0.0354795
0 0.176647 0.81239 0.0349025 0.0379311
0 0.887185 0.779053 0.0348027 0.0399004
0 0.134805 0.183976 0.0265027 0.0347747
0 0.752824 0.388207 0.0317306 0.0355613
0 0.954922 0.494499 0.0386909 0.0403587
0 0.861674 0.207093 0.0191145 0.0423772
0 0.39617 0.0602838 0.0343453 0.0377882
0 0.163975 0.0604815 0.0341445 0.0352339
0 0.148306 0.434949 0.033819 0.0377161
0 0.224183 0.734167 0.0279692 0.0369185
0 0.18644 0.751321 0.0360398 0.0397827
0 0.851013 0.87001 0.034994 0.0392456
0 0.113068 0.866627 0.0370763 0.0406412
0 0.13246 0.149233 0.0234775 0.0382957
0 0.948922 0.29872 0.0339236 0.0383109
0 0.872102 0.569782 0.0347671 0.04008
0 0.548555 0.0812374 0.0324933 0.0380119
0 0.572984 0.72242 0.0380377 0.0386318
0 0.471753 0.0731624 0.032841 0.0369643
0 0.599594 0.401609 0.0362637 0.0384725
0 0.55886 0.684707 0.031425 0.0367638
0 0.335704 0.42905 0.03472 0.038155
0 0.53289 0.828777 0.0371058 0.0400593
0 0.298604 0.829 0.0342285 0.0371521
0 0.174935 0.613661 0.037607 0.0364855
0 0.133238 0.179229 0.0329003 0.0355994
0 0.298888 0.945195 0.0338014 0.0404892
0 0.64029 0.694772 0.0365298 0.0389398
0 0.900208 0.180436 0.0347882 0.0378556
0 0.258005 0.416952 0.0327447 0.0340275
0 0.334863 0.025078 0.032741 0.0377772
0 0.604232 0.602548 0.0338906 0.038407
0 0.262584 0.131921 0.0329734 0.0365985
0 0.793294 0.968492 0.0354409 0.0399163
0 0.166244 0.153203 0.0346404 0.0389647
0 0.187056 0.640903 0.0354151 0.0344501
0 0.366988 0.808668 0.0360775 0.0381052
0 0.792128 0.195958 0.0343223 0.0351587
0 0.395444 0.694783 0.0350753 0.0424241
0 0.663847 0.551027 0.0325253 0.0367888
0 0.626969 0.459135 0.0329672 0.0361864
0 0.675071 0.0966775 0.0345835 0.0376881
0 0.231141 0.964215 0.0349305 0.0399051
0 0.530321 0.13792 0.034971 0.0371941
0 0.151726 0.23052 0.0341696 0.0389671
0 0.6536 0.724694 0.0324949 0.0379393
0 0.20154 0.791441 0.036338 0.0360616
0 0.0752247 0.544182 0.0339867 0.0370632
0 0.448358 0.322295 0.0362044 0.036881
0 0.475066 0.588984 0.033335 0.0380655
0 0.731588 0.244935 0.0352733 0.0364623
0 0.464621 0.240679 0.0361285 0.0407592
0 0.0693191 0.109314 0.0354753 0.0351357
0 0.104391 0.5186 0.0341964 0.0379473
0 0.286792 0.594233 0.0349298 0.036923
0 0.18684 0.844434 0.035967 0.0371195
0 0.958643 0.327329 0.0323277 0.0341887
0 0.720328 0.0180193 0.0362997 0.0360387
0 0.220334 0.127085 0.0325501 0.0346567
0 0.811396 0.420251 0.0345913 0.037921
0 0.604403 0.118557 0.0287461 0.0408302
0 0.368616 0.489465 0.0298531 0.0282901
0 0.40328 0.490145 0.0329133 0.0359232
0 0.611919 0.718747 0.0365178 0.0362269
0 0.120907 0.78155 0.0362314 0.0372268
0 0.835705 0.111888 0.0340239 0.0400403
0 0.59199 0.780735 0.0372655 0.041257
0 0.298491 0.4226 0.0351919 0.0377472
0 0.672328 0.295226 0.0316774 0.0409764
0 0.052063 0.484806 0.0324617 0.0345928
0 0.950117 0.49061 0.0366849 0.0373348
0 0.920265 0.408374 0.034268 0.0386108
0 0.591182 0.658427 0.0328857 0.0373316
0 0.741856 0.644483 0.0316906 0.036516
0 0.723357 0.0410312 0.0342081 0.0448342
0 0.435729 0.467157 0.0366738 0.0426729
0 0.314633 0.570029 0.0328034 0.037348
0 0.397376 0.37386 0.0314506 0.0374165
0 0.211213 0.0601971 0.0176927 0.0298631
0 0.475609 0.430432 0.0138835 0.0295723
0 0.0959739 0.564808 0.0179097 0.0337686
0 0.0638126 0.8303 0.033983 0.0364721
0 0.40925 0.317251 0.0310244 0.0347839
0 0.022988 0.94246 0.0349129 0.0438277
0 0.0422529 0.572584 0.0374021 0.038474
0 0.406762 0.304813 0.0356619 0.0225479
0 0.528107 0.307492 0.0318746 0.0401812
0 0.358104 0.254746 0.0227066 0.0343758
0 0.553144 0.477261 0.0334297 0.0355448
0 0.0680028 0.426237 0.0321594 0.0350614
0 0.723436 0.0218289 0.0352404 0.0404273
0 0.269582 0.0448757 0.0313042 0.0358441
0 0.692944 0.731967 0.0344167 0.0398157
0 0.876006 0.409725 0.0333168 0.0380455
0 0.2252 0.850297 0.0324858 0.0353665
0 0.674648 0.580701 0.0326033 0.0378829
